Time
828000
1486900
10100
9700
9800
8700
11300
9000
14300
11000
17800
14000
13500
8900
17100
11400
10600
11200
22400
14700
16000
25100
17800
21500
36100
14500
19600
13900
11300
13400
11100
10400
12300
13200
12700
10200
9000
31400
12700
16700
24100
13800
14000
20300
12800
17000
12900
14700
15800
12700
11400
13200
12700
8700
11700
22100
16600
19800
13800
13400
14600
12900
37100
24000
14400
19400
23500
28700
14800
11200
13000
11400
10300
11900
10400
14700
10900
10600
11600
10700
11400
18200
11600
14100
14300
13700
12100
12700
11300
14200
9700
17900
16500
11400
13000
11300
19200
12900
18300
9300
9800
12600
9200
10500
11800
11700
12000
12500
9000
11500
9200
10400
11600
9000
12800
16200
68600
4700
71500
22300
27700
5800
6400
7900
5700
5400
4800
7200
5300
3800
5100
22200
3800
8100
3100
3400
3300
3200
4400
3300
4500
3800
6100
5100
3300
3400
3300
3100
2800
3100
8900
3200
3600
3800
3100
3400
3800
3100
3600
6100
3700
3000
2900
3200
3800
3800
3500
6000
3400
3800
3500
3800
3400
4000
2800
32600
7600
3900
4100
3900
3400
3600
4500
4900
3400
3600
7800
3900
4000
5000
5000
6200
5000
4400
8100
4400
4300
4500
5100
7300
4800
4700
6200
8600
4900
5300
5400
4900
5800
4500
4900
8700
14100
5100
4600
5700
4900
5300
4900
6000
4700
8200
4600
5800
5200
5600
4800
5400
4300
4600
6700
5200
5500
4500
5200
5200
4600
5900
5300
4800
9300
5600
4900
7800
4800
5400
7800
7500
6700
4900
4800
5100
6400
5000
4900
12500
6100
5300
5200
5600
5100
4200
3600
3700
6800
6900
4200
3300
4600
3800
4000
4400
4800
8900
4700
4500
4900
4100
4300
10100
6000
8000
4700
5900
5200
5200
4400
7900
5100
4400
8000
4900
5000
4800
5100
4700
5300
4200
4400
8000
4000
5200
4800
5600
3800
4100
6000
12500
4400
3500
4300
5100
3800
4500
3600
6600
4200
4600
4000
4100
4300
3800
4700
8600
4400
3800
4600
3600
4400
6400
4800
6900
4400
4200
4900
4400
5500
5300
4000
7900
3900
5500
4300
5800
4800
4000
5000
9800
4400
4300
5000
4900
4400
4300
4800
4400
4600
5100
4800
4700
3900
4700
7100
4800
7600
5400
3900
4800
7600
5600
6700
4500
4100
5300
4400
4800
5800
4500
4200
4300
4600
4300
4200
10700
4000
3900
4300
4400
3900
4100
4300
6000
7200
5300
4400
4000
5900
4700
6300
4500
7600
5100
4800
5000
4800
4400
4500
5400
8300
5000
5900
4600
5100
5600
5200
22300
6100
6500
7200
5100
4200
5300
8700
5000
4600
5500
4100
4400
4600
7100
5600
18000
5300
4000
4300
5400
20600
5300
4900
7900
5200
4500
4700
4900
4600
4300
5100
6900
5700
5000
4600
4900
4200
4800
4800
4700
8000
5400
5400
4500
4400
4800
5200
4700
4800
10000
5300
4400
4600
4600
28100
7500
6900
9400
5200
8600
5000
5100
5200
7100
4800
5300
8900
5000
8200
5800
6500
4000
5000
4600
7800
4100
5100
8500
4700
5100
7400
6000
8800
4600
5400
4900
7900
5100
5500
5900
12500
5500
5100
4600
7200
32700
5900
5600
8100
5700
4800
5100
7900
8700
5300
5400
8900
4900
6000
5700
5500
6000
5000
5500
8700
4900
5500
4700
4500
5400
7600
4700
4300
8000
6300
3800
4300
22700
8100
5300
5100
11300
6200
4900
6100
5200
4100
5800
8400
5000
5400
8600
4300
4400
6200
5700
5500
6100
5200
9400
7000
6300
4800
4900
3900
8000
5400
8400
5000
4900
5300
5800
4000
4300
4100
6900
4600
4100
4400
4900
5000
7000
4700
5000
4300
4200
4600
4900
4600
6200
4900
4100
7700
16900
4400
3300
3400
4800
3700
2800
3800
4000
2700
3300
2900
2900
3300
5000
3200
3000
2700
3200
2400
2900
2700
5700
2700
3800
2400
2800
2600
4400
3600
2500
4800
2800
3000
2500
2700
3700
3000
3000
3700
2600
3100
3000
3400
3200
2800
2600
6800
4500
5400
3900
3400
3600
4200
5000
7400
4800
3000
3700
2900
3400
2600
2900
5200
3300
12600
2700
3700
2800
3600
3700
2900
3200
3500
2700
3200
3200
5100
3000
2800
3100
2800
2500
2900
3300
4800
3500
2900
4200
2700
3200
4300
3100
5200
3700
2800
3100
3000
2700
2800
2600
2900
2300
2800
3400
3900
2900
3000
6600
5800
3700
3200
3100
3800
2900
3400
7300
3300
2800
3300
2700
2600
3400
3000
4800
22800
3700
3100
2800
3300
3000
3100
3600
2800
2900
2900
3200
3100
3000
5200
3500
3200
5100
2800
2700
3400
5200
4200
10600
7900
5700
5500
4900
6000
9000
5200
4800
3900
5400
7500
4700
7000
5000
5200
5100
5300
5900
5500
7300
4600
5000
4000
4800
5700
4500
5300
5100
4600
4800
4200
4000
4500
6100
4100
4400
4800
3800
4100
3800
4000
7500
4700
5800
4100
3900
3800
3300
4000
10200
4200
4200
3800
5200
4000
5000
4000
6400
3700
4100
6100
4400
4600
4900
7700
4100
4700
6600
5300
4200
8700
7000
5300
5500
5500
6900
12000
5300
5800
4600
5400
5600
6800
5000
6300
5600
9200
7900
5900
7000
7400
4200
8500
6800
5500
5300
6500
4500
4100
4900
7800
5700
5100
7500
6900
6600
6200
7000
5300
9000
4500
5700
4100
5000
7000
4500
6200
27900
4700
4700
5500
4200
9100
4800
5700
10100
5800
5800
5800
6000
7800
4700
4200
4600
5100
6600
4600
8000
6500
5600
6400
8100
7100
5000
7700
7600
5900
4400
6400
5600
5400
9900
6000
4400
6600
4500
7500
5400
9000
5400
6000
5700
5300
6100
5600
4800
4800
5400
4000
5000
5300
4900
72500
5400
4000
5500
3600
3300
2900
2900
6000
3400
3100
5000
3300
4300
3300
3200
6800
3700
3400
5300
2900
5600
3100
24200
7500
2900
2800
3200
4100
3700
3600
6900
2900
2900
4300
4400
4800
3900
4400
5900
3700
4200
3000
4200
3100
3100
5700
3400
4200
3500
4100
3700
5000
3400
6900
3700
3600
4900
3900
3300
3700
6200
5400
3500
2700
3300
3500
3100
3000
6400
4200
3000
3500
3200
2800
2600
4700
12200
4900
2900
2800
4000
4000
3900
3600
6500
3900
3400
3400
3200
2800
3100
8700
3200
3200
4000
3100
4300
4400
6100
3800
3900
3600
3200
3400
4400
6800
3500
2900
3000
4500
3300
3100
3300
6200
3900
4400
4200
3600
4600
3800
7400
4900
3800
4400
4500
3400
3000
3400
5700
3500
3000
5100
3400
3300
3700
7200
3400
2600
3100
2900
4300
4200
6800
5300
6400
4300
3300
4100
3300
7400
5600
4300
2800
3400
3100
2900
7300
2700
3600
3100
4100
3400
3900
3600
3900
3500
3300
3500
3500
6000
4200
5800
3400
3900
3000
3500
4500
6200
3500
7400
3400
3700
2900
4800
4100
2800
3500
9500
5500
5900
4100
3000
3700
3600
7500
3700
3800
3800
3700
3600
3300
3800
10000
4400
4500
3600
3900
4200
4200
6900
4500
4000
4400
3800
3800
3900
3800
7900
3600
4500
4500
4200
3200
5900
6900
3500
3800
3300
3000
2900
3800
3400
5700
4300
3500
4200
2900
3100
2900
6500
3200
5500
3600
3700
3400
2600
3500
6100
4100
3600
3500
3300
3100
2800
2700
6400
3400
3000
8800
4500
4000
2700
2900
3200
3700
4400
3000
6200
3600
3200
8800
3600
22700
6100
5000
4100
4800
3300
7700
3800
3800
2800
3900
2600
3600
3400
3800
3500
2900
2900
2500
4900
2900
2400
2600
5300
4200
3500
3600
5600
2600
3400
2300
3200
3900
2500
4800
3600
2900
3100
3600
3200
2800
3300
6400
12200
5300
3300
4400
3100
3500
4500
7100
4800
3800
3600
4300
3400
3500
2800
5000
2600
3400
3900
3300
5600
8400
3100
7600
4200
3600
3300
2900
2700
4800
6700
4400
4800
4700
3700
4700
4000
6700
4500
3600
4300
4900
4000
3900
4400
7500
3200
3800
3400
2600
2900
4100
3800
7000
3200
3200
3500
6700
8700
7700
3800
4200
3600
4300
5400
5200
3300
4400
3600
4300
3400
3100
8800
4800
5800
2900
3600
5500
5100
4600
3700
4800
3900
3900
3400
4100
4000
11800
5900
4200
3100
3800
5500
3800
6500
3500
3200
4500
4900
3700
5100
4200
3700
4800
4100
4500
3600
6600
4200
4100
3100
3100
3900
3600
6400
3400
3000
4200
3200
3100
3800
7100
4900
4500
3900
3700
3600
3700
3100
5800
3100
3600
4100
3800
3700
4300
3600
4800
3700
4500
3000
4800
4100
5600
4900
3600
3900
3200
4100
6100
3300
4400
4000
4000
3700
4100
7100
3800
4500
16500
4100
4600
6400
3800
3900
3500
4100
3800
3400
6900
3400
4000
3100
3500
3900
6500
4000
3300
4200
3400
4100
3800
3000
3600
4700
3900
4600
3900
3000
6200
4700
3800
3200
3700
4400
3900
7000
6100
4000
4600
3500
4600
4000
6800
4000
4000
4100
4800
5200
6800
3300
4000
4000
2800
3400
4300
4300
4500
4600
3400
4000
3100
2900
6000
3300
4000
4700
4800
3700
3500
6800
4000
4000
4500
4600
4900
3100
6400
4200
4000
4200
3800
3400
4700
6400
3300
3500
4300
3800
4100
4600
4500
3200
4400
3600
4600
3500
4200
5200
3000
3600
3100
5000
3500
2600
3000
2900
3900
2900
4100
4100
2900
3200
3500
3200
4200
6200
3900
3000
6800
4300
4000
4400
3900
3200
18400
7400
4000
4500
3900
4400
4200
6800
8100
35400
7400
4900
4300
3000
8200
3600
3900
5500
6200
5400
4200
7600
3600
3200
4500
4200
3300
4600
7300
4400
6600
3600
5000
3400
3800
7600
3500
4700
4600
4300
3300
3500
9300
4000
3400
3500
4000
4400
4600
3700
4500
5300
4900
4800
4100
3700
4100
6600
4200
4400
3000
4300
5300
5700
6700
3200
3400
5500
3800
4200
6600
3900
4200
3800
4500
3200
3300
6800
3600
11000
4400
4900
4900
3700
6900
4000
4700
5700
4800
3800
3500
7500
6000
4200
4200
4100
4700
7200
3600
5100
3900
4900
3000
3800
6600
3500
3300
3800
3800
3800
4100
8700
4800
3300
2800
2900
3900
3600
8100
3300
4700
4600
5300
9100
3800
5800
4100
5100
5000
3300
5300
3400
6200
6000
5000
3900
3600
4800
5700
8200
5800
4900
3400
3500
8600
5300
6400
3900
3200
3900
4600
3800
2700
6300
3900
4400
3600
4700
4800
4600
8900
5400
4700
3600
3100
4800
5200
10000
3800
4200
3300
3700
4200
4100
6500
5300
5100
3700
5000
3300
3400
7100
8900
3600
3700
3500
4400
3600
7200
2600
4200
5100
3600
3700
6300
4900
4600
4300
4000
4200
4300
6200
3300
4000
3900
3800
2900
3500
3400
3400
4500
3500
2700
4700
3700
6400
4600
3100
3900
3700
3400
4200
4000
4100
4800
4300
4400
4000
7700
7600
4400
4100
3700
2800
3800
2300
6900
4900
4300
3000
3000
4000
4400
5700
3100
4400
6200
4100
7100
4800
4300
3100
3800
3900
4400
7700
3100
7300
3200
4500
3800
4100
3800
7900
3700
3000
3000
3700
3500
6400
3500
3700
3200
3400
3600
5500
4800
3800
3800
3800
5200
3500
4500
3900
7900
5000
5000
4800
3600
3900
3300
4000
3200
2600
3200
3400
3900
3700
5600
3000
2500
2900
3600
3400
2800
5300
2800
3300
4300
2700
4000
4900
3800
2700
3200
2300
2500
3100
4500
2800
3100
2800
4200
3400
3400
4200
2900
3200
2800
3400
3500
4700
3900
2700
4500
3300
3200
3100
2500
5200
3300
3300
2700
3300
2500
3500
4400
2400
3100
2300
3200
2900
2700
4200
2300
2900
2500
2200
2500
6000
2600
3400
3600
4000
2900
2700
5500
4100
3500
3500
3900
5800
4400
5900
4600
3800
3000
3900
4400
3600
6900
2800
4200
4100
3500
4300
8600
4700
4000
3400
3400
3700
3400
6700
3600
5000
6000
4300
3900
8000
3800
4100
4400
3200
3100
3300
3100
7500
4400
4000
5300
3900
4900
3300
6600
5200
3700
3500
3700
3000
4200
6900
3700
3800
4200
5800
4800
3200
7700
3600
3600
3800
4400
3000
3700
8000
3300
3900
4700
4800
6800
4500
6000
3800
3500
3600
4300
5200
5900
4000
3500
5600
4000
3900
6800
4600
4500
3700
4500
3900
4000
8100
3500
4400
4500
3300
4000
3700
6400
4600
3200
3600
3700
3800
3300
6500
5500
3200
3500
3200
3800
4200
6700
2900
3800
8700
4900
3700
6800
6100
4100
3400
4400
4600
3100
6200
4300
3800
3800
3100
4200
4200
5800
2900
4100
3000
3900
4200
3200
3500
3400
4500
4600
4800
4500
3500
6800
3500
4000
4000
4300
4100
6100
3800
4400
3200
5200
4400
4000
4400
3900
3800
3800
4200
3600
7800
4500
3800
3000
3700
4200
4700
9500
4200
3000
3500
4200
6300
7600
7500
6500
4100
4500
3200
3800
4300
4200
4400
6600
4700
4100
5100
5700
4700
4700
4900
4200
3800
4100
6600
3700
3900
3600
66900
5900
9300
4900
4400
5500
4000
5700
5300
4100
3900
3900
3900
4000
5100
4500
7100
4200
10400
4700
3600
3300
3500
8900
5000
4200
5400
3700
4600
4200
6700
5400
4100
3700
3500
4200
3000
6100
3400
4100
4700
3200
4600
3800
6000
3600
3700
3600
4200
4100
4500
4000
6400
3900
4800
4200
24800
16900
20900
5000
4300
4400
4200
4000
3600
4200
4500
3900
3300
3600
8900
3100
8000
3900
3300
8900
4200
3700
4800
4100
3700
4000
4500
6300
4000
5400
7600
4600
4100
4000
3800
4400
3900
6800
5000
3300
3700
3300
4800
3400
3600
6300
4000
5200
3200
3700
3400
6200
4100
4300
4500
3600
3700
3600
6700
4300
3300
3800
3700
3400
25200
6700
4500
5300
5100
5700
4400
4100
3800
3800
4400
3300
5700
8000
4100
3600
5400
3300
3600
3500
10100
3600
4500
4500
4100
5100
5100
3900
3700
4800
5100
5500
5300
4600
7200
4700
6300
3700
4300
3700
8600
4900
3400
4600
3900
5100
3800
8000
4700
4200
3900
4700
4000
4200
6700
4600
4200
3400
3300
4500
7800
4000
5200
4200
5000
4200
3900
4300
4600
3400
4200
4100
4500
4100
3800
4100
3000
4500
3400
4400
3500
3500
6600
3000
3400
3100
5900
4900
4400
6200
3600
3500
3700
4500
3900
4000
7400
4100
4000
5400
5500
3700
6300
7800
4200
3800
3800
4400
3900
3800
8500
3400
4100
3000
3800
4000
7500
3800
4000
4800
3800
6000
4100
6800
4000
3900
9600
5600
6000
4500
9900
3900
4800
9000
4800
5900
3500
6400
5100
6400
4100
6100
5200
7100
5400
5100
4300
5000
4500
5500
8300
4600
4500
6100
4800
4400
4600
4500
6100
4700
3900
4900
4100
3300
3500
6900
8000
4100
4600
4900
4300
8200
4800
4000
4400
3800
4600
4000
4900
7500
4200
4700
3500
4200
4700
4500
7700
5000
4600
4500
5100
4000
4000
4000
18600
4200
4400
3300
9400
11900
4500
5900
4800
5000
4700
11900
9300
4400
5000
5400
5200
3700
3600
9000
3900
5900
4400
4900
5800
4500
7900
4500
4300
4800
3400
4600
8400
4700
4600
3900
4700
4800
3200
4900
3900
5100
3900
4500
4600
4200
7200
4100
5100
4400
3700
3300
3800
7800
4100
6100
4800
4500
4500
3100
7500
4200
4700
4400
4400
4000
3400
7300
4300
4400
3900
3300
31200
4100
6500
4900
4700
9700
7000
4400
7600
7400
4600
7600
4200
4400
4300
36800
6800
3900
4900
5500
3900
4100
6800
6600
4000
4300
5400
4200
3700
7200
5300
4700
4100
3400
4400
3600
4100
3700
5800
4400
5100
6500
7000
4600
4200
4700
3300
3800
5100
6500
5400
4500
4800
3800
4700
5300
4800
7800
4000
5700
3800
4200
4000
5200
13100
4400
5500
4000
5100
3900
4300
7900
4600
4800
4500
4300
4200
5000
9100
8100
3800
5000
6500
4700
4800
7100
4000
4900
4100
4800
4400
4500
8000
3900
3700
6300
3800
4100
4600
9500
3900
4500
3400
4300
3900
4700
6900
3900
4600
4700
6400
4300
4900
9300
4700
4200
6300
5100
5000
10700
4200
4500
4500
4100
5000
3600
6900
5300
4800
3800
4000
3800
4200
6800
5000
5400
4800
4600
4200
3100
10400
5000
4900
5300
8600
4900
3600
6300
4700
4600
5000
5100
5700
5300
7600
4400
4900
5100
5100
4400
10700
4800
4600
4700
3700
4900
5100
7300
4600
4800
4900
4500
4300
6000
3700
4200
4800
4200
4500
4100
3600
3600
4000
4800
4100
4600
5000
5900
3900
4300
4700
3500
3200
4500
14400
4100
5600
5800
4200
4100
8600
6900
4100
4900
4900
3300
8700
6100
4300
8400
4000
4300
4200
7200
7300
4700
3800
5200
4900
4300
7800
5400
5600
5100
4600
4000
4300
5900
4500
4600
3700
3600
5400
7100
3800
4500
4000
3800
4900
4500
5900
3500
4300
5100
3800
4000
4100
10000
5000
4300
4600
4900
3900
3800
6900
4300
4000
3500
4000
4000
4200
7900
4900
3000
5500
4500
10800
5200
8400
4500
5500
6300
4700
5500
6700
5400
4700
4300
5100
4200
4400
6000
5900
8200
4500
4300
5700
4700
5300
5000
8300
5100
4000
4500
5800
5000
4700
7200
3900
5000
5000
5700
4500
3800
7500
3600
5900
4900
4100
7300
4200
4100
4900
5200
4800
4000
7200
4100
4900
4100
10100
5500
7000
5000
5000
6000
6100
4100
4500
5000
7900
4800
5100
4200
5300
5300
5100
8400
6100
3700
4900
4900
4900
4000
7500
4300
4900
4900
5800
7700
4700
6900
4600
9800
5800
7900
8300
5000
5900
6900
5900
3600
6300
4400
4800
6600
4900
5100
4700
5100
4100
4500
4500
4500
2800
3800
5200
4400
5400
2800
3100
4800
3100
4400
3400
6200
4100
3700
2900
3900
3400
3800
4200
4400
3800
4000
3200
3700
6000
8300
6000
3600
5100
4800
4800
10300
5500
5700
5400
5100
3300
7900
5200
4200
4300
3500
5300
4400
6000
3600
4000
4600
5600
12100
5300
7900
3600
3300
3800
5500
5400
5700
9400
4500
5100
3800
9100
3600
7400
5500
4100
3900
4400
4900
5100
7200
5500
4600
4600
5500
6500
7800
8100
5100
3800
4700
4000
6400
7300
5400
4200
4700
4900
4800
4800
5000
6800
3900
5600
4600
6200
9700
6100
12200
5200
5700
5200
3700
4200
6700
4200
5400
4800
4900
5200
4400
4300
7500
4400
4700
3900
4400
4200
3800
7600
4200
5800
4300
3500
4900
4800
7000
5100
4400
4000
4400
5500
4000
8200
4800
4100
5600
4400
4800
4200
7700
4700
4600
4500
3800
4100
5200
4500
4800
4000
4000
4800
4900
4400
11400
4100
4700
3800
4300
6100
5000
4800
4900
3800
5000
4900
5300
11500
5200
4400
3200
4600
3200
4000
6000
9100
3500
3700
4200
6100
4000
4900
4700
5200
4200
5100
4700
5100
7700
4400
4800
3900
5300
4400
4100
8600
6800
4600
5300
4400
4400
5200
10400
5400
4000
4900
4100
3800
4100
4300
5100
3600
3800
4400
4300
4400
7400
4200
5300
4000
4100
5500
4800
6800
5500
4600
3700
5900
4000
6500
4700
4500
4900
5700
5400
4600
7200
4900
3400
3700
4400
4400
5200
6900
3900
5200
4500
13000
4200
6500
4000
4700
3300
3600
3100
7800
10600
5400
4600
8200
4800
4700
3500
8500
4200
4900
5800
5100
5600
9000
4600
4100
5900
4100
5400
5700
6500
4300
5600
4300
4700
7100
15300
7400
4500
6200
4300
6300
6100
9400
9100
6300
5200
4200
6200
6500
5200
6100
5800
5700
4900
5100
4300
6200
3500
8500
4500
4400
6300
4400
5600
6500
5000
4800
3800
3300
4400
5100
4400
7100
4500
4200
4300
424100
9000
12500
8900
6600
7500
6400
5000
5900
9200
6300
5100
4700
5000
4900
5600
7200
4700
4400
5100
4400
4800
5000
9900
4500
3900
5200
4800
5100
5400
7900
4100
4800
5000
5700
4000
3600
7300
5600
5000
6200
4900
11600
4400
8900
4900
4800
4400
3000
4300
6100
8000
4700
4300
4900
4300
4400
4100
7800
6600
3700
8500
5200
9000
3800
3800
5700
5900
5800
5600
8700
4900
4900
4500
5400
4400
5100
7400
6200
3500
7700
4400
3300
4400
5500
5400
5600
5500
3000
3900
3600
6200
4000
3900
26800
8500
5400
7000
8600
6300
4600
5300
4600
4700
8800
5300
4700
3700
5100
4800
4600
6600
4100
3800
4800
3800
4900
5600
6800
4700
5600
6400
5400
3500
3500
6200
3800
5700
3600
5700
5200
5900
4300
5000
9800
8300
5100
6900
11100
6100
6900
7200
6100
5500
5500
11900
4500
6200
3800
7000
6700
11300
6200
4600
5600
6800
5900
5500
9400
8100
5000
6000
6200
9100
5300
7000
5300
5500
4300
6300
6300
3800
7000
5000
6600
5600
4600
4900
5800
7500
5700
4900
6400
6800
5800
12000
10400
1133000
12000
5700
12300
11400
8700
19000
3800
7600
5900
6100
5800
9400
12900
7300
6900
6900
6700
6500
8000
9100
4300
6200
5700
6700
19800
11000
12100
9600
7000
7500
8600
3700
9500
7800
7900
20400
4000
6500
5800
7200
6800
5600
4700
6300
6100
5700
8300
4500
19600
5600
3300
5100
4200
18800
4600
4400
6300
6000
5000
4200
11100
17500
12400
6000
4600
5600
3700
9100
5900
4000
5200
4500
4800
4900
7900
5100
5000
6700
5200
4700
4600
7100
5400
4600
4200
4400
4800
5200
7900
4600
4500
5500
5300
3700
3500
6000
4000
4500
4100
5800
5500
4500
3300
8300
4400
4700
6900
4400
5500
4900
8700
4300
7100
6800
4200
5500
6300
8400
5800
8200
4100
5100
4700
8500
4500
6500
5500
5900
4800
6500
8300
4500
5900
6100
5400
4500
6400
7000
4300
4600
6300
5800
4000
3900
8400
5200
5100
4900
5500
5000
7000
7500
6000
6400
6200
4800
4000
4200
4700
5500
5800
6200
4000
5200
6600
4500
4800
4600
9200
5000
6000
7000
3800
4500
5700
4300
3600
5000
4000
8200
7100
5300
4200
4900
4500
3800
6400
4700
5100
4000
4800
5000
3900
16000
5100
5600
5400
4200
5500
8200
6100
3800
3900
3600
3600
3800
5400
3400
4100
4300
2900
2600
8500
4200
4100
4300
5500
51600
27100
12300
16400
10000
25600
15400
4400
7400
20900
9500
3900
4400
5100
10300
12500
11700
4300
11200
14000
5000
3800
3800
4800
4100
5400
5900
6800
4500
6500
5900
5100
8400
5400
3800
5900
4500
4900
4700
7900
16300
5400
4300
4300
4300
8500
6100
4400
3200
3600
6600
4300
6500
5700
5700
3600
4300
5500
6300
3500
3400
4900
4800
4800
4400
10000
4000
5000
4900
4800
4500
7400
5200
3900
4500
3900
4700
4200
4500
4300
4600
3900
5500
4200
7200
6200
4300
4600
4800
3400
6800
5500
3600
4700
4800
2900
4900
6800
5500
3500
4100
4000
4200
6300
4100
5000
4100
3900
4500
3600
6600
5000
4300
4700
4200
4700
7900
4600
4800
4400
4400
4000
6900
4300
4300
4500
5200
3900
3500
6500
3200
5100
4700
4300
4500
4200
5800
4100
4300
3600
3200
4000
6900
4800
5100
4500
4400
7100
6500
3200
3400
3000
3900
6500
6200
3500
4500
4800
4500
3900
8500
9400
4900
4500
5500
4800
5600
7300
5000
5000
4300
4200
4900
4600
6500
4200
5200
4900
4300
4500
8700
5500
5800
5100
4000
5400
4400
10100
4200
4700
5100
4700
8400
5100
5800
5600
4000
4100
5100
7200
5200
4600
4000
5100
3500
3800
6400
5400
3700
5300
5600
4200
7700
5600
4700
5500
4200
5900
3300
12200
4300
4100
3700
5700
4300
7000
4800
4700
5700
5000
5000
4600
5100
4700
4600
5800
3800
4100
6900
4100
11800
5600
8700
3900
8300
5300
4600
6100
4000
4900
3700
8400
4900
5400
5000
4800
4500
11500
3500
3200
4200
3000
4300
3500
4900
5400
4500
6200
7500
5100
6600
4100
4400
4400
5800
5700
3900
6100
5400
4600
3900
4500
5000
5400
6500
4100
6000
3700
4100
4200
4300
7600
5000
5400
6100
3900
4600
8100
4100
5400
5200
5400
3900
5300
5400
4100
4500
5200
4100
5300
8000
5200
4600
5400
5000
4300
7400
4600
5100
6000
4200
49500
7700
4700
6300
3800
5000
6500
7900
5200
6200
4600
5300
5500
24200
5000
8500
4700
6600
7500
6200
5400
4500
4400
4800
5200
7900
4700
4700
6300
5900
5200
9900
5400
4000
4600
6200
4900
4400
7400
5100
5200
4100
4900
6700
5100
7000
5100
4800
4100
4500
4600
8700
5100
5100
5100
4800
3700
4100
9400
5600
5600
5300
4500
4500
6000
8800
6700
4600
5400
5700
5200
6700
5400
5600
7500
4300
4200
4500
7800
5500
6200
5000
4800
4500
6500
4100
5400
4800
4900
5400
6100
7400
5300
7100
5800
4700
5500
7300
4900
4400
4000
5500
9600
4400
4800
5000
5300
5500
6800
5500
6700
6000
5500
5400
3900
6900
4900
78800
22100
13900
49900
35100
83100
36400
6300
36500
21000
4700
18700
9300
3300
3900
5600
5700
7500
8100
4000
5600
4100
5900
6100
6900
8400
4100
5500
4600
4700
4300
8000
5300
4400
4600
6900
4100
4700
9900
5600
4200
4100
4600
5000
9300
4600
4500
30500
5300
4200
7400
4100
5700
5500
4000
4000
5800
7800
4400
4800
5200
4600
4200
10900
4800
5600
3900
5200
4200
4800
31100
6800
6100
4300
7200
5000
9000
10200
6600
4400
5000
4100
5200
4500
5300
5400
5000
4900
7400
6300
10800
5100
5100
5200
4900
6700
5400
9700
6100
4600
33500
5200
5800
9800
5200
5200
5400
5100
6700
4800
7300
5400
6400
5600
4600
4500
8300
4600
5500
6300
5800
4300
4300
7700
3800
5400
5100
3700
5200
4800
9200
5100
5200
4100
5400
4700
7900
3700
22600
7100
5800
6000
4300
6200
5400
5200
5900
7500
7600
5200
4400
5000
6600
4300
12800
6300
4800
6900
6200
4800
3900
9600
4200
5900
4100
5500
4000
6200
4200
4800
4900
4500
4900
6200
5900
4400
3900
3900
7900
5400
7400
4700
6900
7000
3700
3700
7800
4800
3800
4400
10200
6500
8000
6400
3700
5900
27100
6400
14300
5600
6500
5900
4400
14000
6700
5200
6200
5800
4300
4500
5600
4200
5300
5600
5300
5800
7900
4300
4700
5900
4400
6000
5000
5700
5700
4700
4900
5400
5300
12300
4500
4400
5300
4800
5000
7200
3900
5100
5900
4300
5100
7100
4200
6000
184600
6700
5400
5600
10900
4300
5000
6200
3600
3300
12600
5800
3100
4200
5600
5000
8800
6200
4800
6300
3800
17400
12400
4600
5700
7000
4400
5600
6000
8200
3800
5200
4700
4900
4100
10700
6500
4900
4800
4600
5900
4500
13700
6300
4500
4800
5800
4800
7500
12100
4700
3900
3200
4400
6100
7300
4300
5000
5400
4000
4200
7400
3900
4000
15700
7300
5900
8400
4900
6300
4200
5100
6800
7000
5800
4800
7200
5300
5300
80500
10400
5500
4000
10500
6200
5500
9400
5600
4600
2900
4400
3900
5500
7900
4900
5200
6100
5900
4800
7000
4200
5800
4000
4500
3600
5000
7700
6100
4700
4400
6000
4800
4500
5300
4600
3500
5900
3500
4700
5500
4200
5000
4500
4200
4900
4900
4300
3900
4000
5700
4200
6900
4600
3700
4700
5100
2700
3800
7000
4400
3800
3400
3600
3000
15400
4200
3700
3600
2700
4200
5200
9400
5600
4400
6200
4400
4100
6200
5000
5000
4100
4200
3100
6000
4300
3800
3200
5400
5000
5200
7000
3900
4500
3900
3700
4700
8200
3900
3400
4400
3400
3100
4300
5200
3800
4700
4700
4400
3900
6000
3700
4000
3300
5200
3500
6800
4100
3800
4100
4000
3200
4000
6200
5500
4400
3000
3200
3800
3500
3200
4500
4400
5000
4400
4300
3300
4100
3200
3100
4100
3700
6200
4200
3500
4200
4500
3400
6000
4500
4600
3600
4200
3600
8100
3100
3500
4900
2900
3700
3700
3200
3200
5200
4600
5300
6100
3900
4400
3000
3200
3700
3400
5800
5600
3900
3500
4000
3200
3700
6700
4600
4300
4200
3500
5200
4300
3900
3900
5000
4700
4300
7800
4400
4800
4200
3400
4300
3200
3400
3500
3000
3000
3800
4400
6900
4900
4300
3500
4100
3600
6700
5700
4400
4400
2700
3400
5500
4000
3100
3400
3300
4100
6900
4800
3600
4600
4800
3200
3300
5800
3900
4700
5000
4800
4600
3900
3300
3700
3800
3800
3300
4700
5500
3000
3800
3000
2900
4800
4200
6900
3100
3600
3000
4100
3900
6400
3300
3700
3500
4300
3400
4800
18300
4600
3900
9000
5200
4800
8700
4800
3800
4000
5500
4800
4500
7300
8100
3700
4600
4000
4000
6300
3800
4400
4400
4600
3300
4600
3700
5000
5200
4100
3900
6800
4800
6400
3300
4300
4600
6700
6700
3400
3400
5500
6800
5100
4500
4600
4900
3700
4200
5000
4100
4900
5100
4000
4100
6100
4500
4500
3400
2800
4000
6300
4200
4200
3400
3000
4700
3700
6500
2900
3400
4800
4400
4200
3900
6600
4100
4500
3700
3600
4900
5700
3400
3600
3700
4000
3200
4400
6400
3200
3600
4500
3800
4600
4200
8800
4700
3700
3600
4200
4300
3500
6600
4100
6200
4300
3300
4700
7800
3800
3900
3800
3600
5700
5700
3800
7000
3400
4900
4700
6800
5400
3200
3700
3300
2800
5300
4500
5100
4100
4200
2700
6100
3600
3500
3100
2800
3700
5600
2700
2600
3300
3400
3000
2700
5000
3500
2700
3200
3000
2700
3100
3900
3000
3600
2900
3100
3400
4300
3900
3700
4100
3500
3800
2700
4800
3500
3800
3400
3900
2800
4200
3600
2800
4000
3200
3200
4100
4500
3400
4000
3500
4400
4500
4700
3200
3800
5100
4400
16300
4800
7000
4000
4700
4500
3400
4000
7500
5100
5400
3900
4600
4400
7400
4100
4000
3800
3300
3500
5600
11000
5600
5500
6400
4500
5100
8800
4700
6500
10700
5700
4700
8700
5400
4300
5700
4900
5700
8300
5200
5400
5800
5200
4700
4200
7400
5000
4700
6600
5000
6200
9200
4900
5000
4700
6500
5100
4800
10300
7000
4100
5000
5800
5600
8400
4800
4200
4400
4300
4600
9200
6400
5200
5800
6600
3900
6200
4900
5100
6300
4400
5100
7700
5400
4300
3900
5300
4500
7600
4600
5100
4300
5500
5200
9300
4300
5100
4600
5700
7000
5300
4400
5000
5000
4200
4800
5100
8200
5600
6100
4200
3700
4500
5600
7100
5500
4400
4500
4900
5700
4800
7500
4700
4300
4600
6300
6200
6600
5700
5100
5200
11700
6300
4200
7600
4600
4400
7400
5600
4800
9200
4800
5200
5600
4400
6300
8500
5500
3800
5800
5100
6000
4500
4800
5100
5700
5900
5900
4100
4600
5100
4500
5500
4900
4600
8400
5100
4100
4400
4300
4200
6000
6600
4600
4700
4600
4900
4100
8100
5200
3400
8100
5300
7400
4200
4800
4000
3600
5100
5200
14500
4900
5400
5700
4700
5400
4300
8500
3900
5600
5900
4900
5100
4000
6000
5500
4500
4600
4000
5000
8500
4600
4800
6700
5500
4500
6200
5000
6000
5400
4900
5700
5300
5400
5200
4800
4900
7300
7000
6400
6600
4100
6000
13200
3800
4900
4900
5300
4300
5000
7700
4400
3800
4600
6000
6600
8700
4400
6500
5400
4600
5400
3900
7700
5900
5600
5500
5100
5300
3900
7400
4300
5100
5300
5100
4500
7100
4900
3900
4700
4000
4300
7200
5300
5600
4400
5100
5600
5200
9700
4500
4300
5500
4000
4700
6800
4400
6700
4700
4900
6900
6800
3800
5100
4400
6800
3800
5500
7700
4600
4900
5400
4600
5600
4400
4400
4100
5100
4200
5100
4800
8400
4200
5700
4600
4600
4000
8100
3900
3900
5300
4900
4900
3800
8600
6000
5500
4800
3800
5600
8400
4700
6100
5900
5500
4400
12800
5900
6300
5500
4200
6000
8400
4500
5100
4000
4700
5500
4300
4200
4200
5700
4200
6300
4600
16000
3900
5100
6200
6300
8400
5000
5500
7000
7200
5600
8100
4900
4200
5200
4900
5200
4000
9200
5200
4700
4400
4400
4700
6400
4800
5400
5100
4800
5800
8300
5300
4700
5300
6400
6200
8800
4800
6000
4200
4400
5000
7600
3500
5300
4900
4100
6400
8500
5500
4800
4600
4900
4400
5400
8700
4500
5300
5100
3800
5200
5200
9600
4800
4400
4900
6700
4600
6400
3800
6100
6700
4000
6100
6500
4700
6000
5500
5800
4600
8500
4800
4300
9300
3800
5200
12300
5600
5400
5800
8100
5200
7100
5600
5000
4600
5100
5200
6300
5800
4300
4600
4000
4700
5600
7900
6400
5700
5300
5100
5200
8800
4300
4100
5300
4900
5900
7500
4800
5500
6100
4900
3900
4600
8800
4400
5000
5500
5000
4600
4800
5000
4300
4900
4700
5300
6300
7900
5300
4300
5200
5600
4300
7400
3900
4600
3800
3600
5800
6200
8200
4000
3600
5600
5500
4200
8800
4100
5600
4400
5300
5400
5100
4900
7700
4700
5300
4900
4400
6200
4000
3700
5900
5900
4800
7500
5500
4300
4400
4900
5200
8400
4200
5000
4800
4900
9600
4400
8300
6100
4000
4600
8600
9600
5200
5200
3700
5600
4800
8100
5900
5400
4800
5500
5100
4400
8100
7200
5300
6300
5200
6000
8000
4100
4800
5000
4400
4100
5800
6300
5900
5700
4100
5000
6900
5400
5400
5000
4200
5400
7600
5400
5400
5500
5200
4900
5900
8000
5000
5100
3600
6600
5500
7700
5800
6000
4700
5500
4400
4500
7900
3700
6600
4800
4100
5800
7000
5300
5900
4700
4300
3800
8400
5400
5000
5600
5600
8100
5500
4800
3600
5500
4900
5800
8700
4900
4200
4300
6100
4100
6500
4600
5100
4700
4700
3300
6300
5300
8300
4300
4800
4300
6500
7900
8800
9000
7600
7900
5300
6400
6000
5300
5200
6000
7600
6200
8400
7800
5700
5600
5900
6600
7700
6000
6400
7200
6400
5800
6500
5800
6000
5600
5600
5600
9500
7600
4200
5200
6800
5900
6900
8300
5600
5800
5600
7100
5100
9100
6000
6100
7600
5500
5200
9100
5000
4800
5200
8200
29000
6600
11500
7200
5700
8700
5700
7200
5200
6200
4400
5700
7000
5400
4700
4000
3100
4400
4500
5400
5300
4200
6100
3900
5200
4700
3100
5800
4700
5400
5200
8700
5100
5300
6500
4300
5100
10500
6000
6000
5100
7200
12900
6900
9100
5100
6300
5900
6000
5700
7900
5800
5900
7100
5800
4300
8700
5400
4000
5800
3900
5100
6700
5300
5300
6500
5500
5000
8800
7000
6300
5900
6200
4500
8800
4500
4400
4700
5100
6300
5700
5500
6900
4200
5700
4500
7400
5900
5400
5800
5100
5600
4300
7200
6600
5200
5600
6500
4700
6000
10300
7400
5100
6200
8600
8000
9700
6100
5900
6000
5100
6100
8200
7200
6500
6400
4700
5200
5100
7100
6300
5000
5600
5300
5400
8300
6300
7200
5300
5000
4700
10500
8700
6100
5900
5400
5300
5400
8800
4900
5100
4700
5400
3900
4100
12000
8700
39000
9900
6400
95600
13800
7500
5700
40200
13100
15100
10300
7600
8300
6400
11600
38400
8900
17200
11000
7400
8600
8600
6700
9000
6600
8900
8500
7100
5700
6000
7800
7400
5500
9100
83700
24400
46000
9900
10400
9600
7200
9400
8200
5800
5400
5600
5300
6900
9800
8400
7200
6800
10800
6800
11800
8600
6100
8400
7700
5100
6100
7800
5800
5100
5700
5500
5800
9600
6300
7400
5100
6200
4800
6800
9000
4700
6100
5200
7000
4400
6100
10400
8700
5200
5200
5600
4800
7400
5400
6300
6700
7800
4600
5200
5300
7300
4000
4900
6500
5000
27700
4700
6000
6300
4900
6000
9100
5200
4800
5400
6600
4900
11300
5900
4600
7600
5500
4800
7000
5400
4400
5700
4900
6500
4800
8200
5500
5700
5600
4900
5100
7200
4500
6300
6400
4100
4700
5600
9600
4600
6000
5800
4200
5900
6800
4000
5500
3800
5000
5800
4200
7400
4200
5800
4600
5000
5700
5200
7300
5900
5500
4600
6400
5400
4700
4300
3700
6000
5400
4500
5300
7800
4300
4800
4500
4000
7900
4100
4500
6300
6700
5200
4500
5600
7100
4900
5500
5500
5000
5000
10800
5800
5700
5500
5600
4900
7400
5800
5600
5500
6000
6300
5300
15300
4200
4800
4700
6800
5000
5700
6200
5900
4300
6500
4600
6100
8200
4700
5100
5200
3800
4400
5100
7600
7600
6500
6300
6000
5200
8800
4600
7900
4000
3800
4200
4300
11900
5500
4400
4400
4600
3400
3900
4900
3600
4300
4700
4800
3200
5400
4600
4200
3300
4900
4700
2800
9300
3900
5000
4100
5200
6300
5000
4000
4400
4700
3400
8400
4900
3100
4200
3200
2900
3600
6000
5000
3200
2900
4100
3800
14500
2800
3600
4200
3200
5100
3500
4300
3700
4000
5200
5400
4000
2800
3700
4100
3000
3800
5800
5900
3200
5000
4700
3700
2600
11100
4600
3200
4400
3800
3200
5900
4200
3500
4300
5000
4000
3000
5400
2900
3400
4400
2500
2800
3000
4700
2900
5000
3900
3700
2400
5500
5400
4100
3400
3400
2700
3700
7600
3900
4400
3000
3700
5500
6300
3300
3000
3400
3100
3200
3300
5500
2900
3500
4100
3500
3600
3300
5700
3700
3300
3700
4000
3500
4400
4200
4000
3400
2800
3800
4700
5100
3200
4800
4300
3800
3200
5200
4500
4000
4000
3600
3400
4200
3100
4100
3600
3200
4000
2700
4900
3300
2900
2900
3000
3400
5600
3600
3700
2300
3500
3300
3600
5400
3300
3500
4500
6700
4500
5000
3300
3500
2900
3600
2500
2900
3200
3500
3800
3100
3300
3500
3500
4000
3100
3200
3600
5500
3400
3500
2900
5900
3900
6200
3200
3800
3000
3900
3600
3700
5500
3100
2800
3300
3900
5200
4600
4800
3700
4400
3700
3600
5100
3500
3300
4000
4300
3200
2600
4500
3000
4700
2800
3900
4300
3400
5100
3900
3500
4100
3200
4100
7400
3300
4200
4200
4100
3900
3700
3400
6000
4300
5600
4600
5500
4900
4100
3800
3900
3600
3000
3300
4600
3200
2400
3500
3300
4700
3100
3400
4300
3300
3400
5900
3600
3700
3200
3800
4000
3500
4000
4100
4000
3100
3700
3700
5600
3300
3900
4400
3000
3600
3400
8500
5300
3200
3700
3900
2900
3200
4500
3000
3700
3900
2600
4800
5500
3900
3300
3400
3700
3600
3700
5200
3700
3800
3300
3000
3900
4300
3800
3900
2700
3300
2700
3200
5300
4600
3200
3400
3000
3400
3100
6500
3700
2700
4400
4900
3000
3500
2800
3200
3200
3500
3000
6000
3200
4500
3300
3200
3400
4900
3600
4200
2800
2900
4700
3900
5300
3300
4100
3300
4600
4500
6000
3700
3800
4000
4200
2600
5600
3800
4100
3900
4100
3700
3000
5400
2900
4000
3500
3500
8600
4300
3600
4000
3200
4200
3100
3600
4700
3400
4700
4600
2700
5700
4300
3700
3000
3900
3900
5000
3700
4000
3900
3900
3200
5100
3400
3200
3200
4100
4800
5800
3600
4100
6600
2900
3800
5300
2800
3500
3300
3300
3300
4800
2900
3400
3700
2400
3200
3100
5500
3000
3400
2400
3200
3900
3000
3700
4800
4300
4100
3600
3100
5300
4100
3500
3100
2900
3700
2900
5400
3200
4200
2900
2800
3000
5200
4100
3800
4000
4200
3200
3200
4800
4000
3900
2500
2900
3700
3000
5300
3800
3800
2500
3000
3600
4800
3700
3200
3600
3100
2900
4700
4200
3300
4200
3100
4200
2900
5000
3000
2600
5000
4100
3200
4700
7900
4900
5400
3400
3800
2700
4300
3400
3100
3700
3500
3700
5300
5600
3700
3500
3300
2700
4100
9400
3500
3100
3500
4200
5900
3300
4200
3500
4100
2700
3600
5800
3200
3800
2700
2800
3500
5500
3900
4400
3900
5000
5100
4100
3500
3900
3200
3900
3600
4800
4300
3300
3500
2800
3400
6500
3700
4300
3800
3000
3000
4100
5300
4200
3800
3100
3300
3700
4600
4300
3500
3500
2800
3800
5600
4100
4000
3400
3300
3300
3100
5100
4500
3100
4200
3900
4300
6000
2900
5500
4500
4100
3000
3200
5000
4100
4100
3100
3700
2800
5500
5100
4100
4600
5200
4100
5200
3800
3200
3000
2700
3200
4200
4900
2900
3300
3600
3700
3100
6300
3500
3800
3100
2600
3600
6200
4100
2800
4300
3400
3300
2900
3500
3200
4100
3100
3200
3400
3700
3400
2500
3800
3300
3100
5400
3500
4400
5100
3500
4200
4400
6300
3200
3900
5200
4500
8300
4200
3400
4200
3300
4200
8100
4200
3500
4000
3700
4500
5800
4000
4100
3000
4900
3700
5700
4300
4100
3900
4900
3100
4700
3400
3800
3300
3400
3200
4100
5300
3900
3300
3200
5400
2700
6400
2900
3600
3600
3600
3600
5700
4300
5000
3200
3500
3200
5800
3600
4600
3400
3600
8100
10000
4500
5000
4800
3900
4700
5900
7500
5900
4200
4700
3700
4300
5300
6700
3300
4500
3800
5100
5600
4600
8300
5100
4500
4500
4900
6100
3800
4900
5800
6500
5500
5400
4100
7600
4400
4600
6200
5700
5300
5700
8800
6400
4000
5000
6400
4400
7300
4700
5800
7000
6800
5600
7600
5700
4800
4900
3900
6700
5500
8500
5000
4100
5600
4000
6100
5800
8000
4700
9900
5500
4500
4800
5000
5700
5100
5400
4000
4600
4200
7700
4800
5400
8100
4400
5100
7800
5300
4900
4300
5900
4000
7700
5600
5600
4600
3600
5500
7100
6500
5200
6100
4500
4800
5000
7000
3500
3400
4100
5900
6000
3500
6800
2900
4400
5200
3600
5700
8800
4700
5900
4900
5600
4600
6200
9000
4200
4800
5300
4000
4500
5400
13500
4500
4000
4800
4500
7900
4300
5900
5900
4800
6100
8300
5900
6200
5900
5900
5000
9400
4500
6000
5100
4700
4800
7700
3900
4600
4500
5300
4400
7400
6700
4300
4400
5200
5900
4900
9200
4400
3900
8800
9100
5100
6200
10100
4700
5700
5200
5300
5500
6700
4900
5900
4800
10700
5200
6900
4700
3700
4000
4700
5300
6500
3600
5000
4900
4900
3900
3500
5700
3900
3900
3600
4600
5300
6500
4800
3000
4600
5500
4700
4800
7700
5600
5200
5000
5300
4100
5500
5900
4900
4300
3900
4600
2900
6600
3600
7400
4800
4700
3900
6100
3600
3700
5000
14500
6600
9200
5400
6700
5100
3600
4800
7200
4700
3400
5300
5900
5800
4800
9800
4100
4800
4600
6200
3000
6700
5700
4400
5000
5800
4300
5000
11100
6100
5900
6200
5300
7900
5600
7600
4100
7700
8100
3600
8000
4200
6300
4300
3800
3700
6500
6200
4400
5000
5700
4000
13400
6600
5200
6800
6500
3900
5900
8700
3900
6100
4200
4900
5700
5900
8900
6600
5100
7000
5900
5500
7700
5800
5200
5700
4500
6800
4800
8200
5500
5500
4800
3600
5200
8900
5900
6600
7300
5300
6000
5700
8400
5000
4800
4900
10000
6400
9500
4900
7000
5200
6000
7300
8600
6100
5700
4900
5500
6300
4800
5200
6900
4800
4900
8400
4100
7900
5500
4200
6700
7300
6300
3900
12000
7200
6200
5200
10800
4800
6200
6200
6100
4800
6100
4200
4800
4200
5800
4900
5400
7700
6000
6100
3800
3200
6500
6300
5800
5000
6700
4400
6000
7000
15700
5600
5200
4400
5300
5000
9000
5000
4600
6600
5500
5800
4700
7300
5100
4200
4400
4900
5500
7700
5600
6000
5000
4300
4500
6000
4800
5600
5700
5300
5500
3800
5700
4700
5400
4500
5600
4600
5100
3200
3900
3200
5200
2800
3900
4900
5100
3700
4400
3100
3900
6800
5700
4700
4000
5700
4000
7100
3200
4600
4100
5500
5500
7400
4700
4500
4400
5000
5100
4500
7900
5700
4000
5300
6400
7500
5900
7000
3600
7000
5500
4800
6500
7200
4000
5500
4800
5300
5900
5700
8100
5000
5500
6300
7500
26300
5600
4800
7000
6800
7400
9200
13100
7100
6700
6500
6000
7200
6300
5800
6900
6100
5400
9100
6000
5500
4200
4200
6700
5400
8900
5100
4500
4700
4900
6100
8500
6200
5100
5600
6500
5000
7700
5400
5000
5400
7200
4700
8500
7800
4600
6200
4700
4200
6800
9900
5600
4600
5800
5700
4700
6100
5000
5500
4700
6200
4600
5500
9500
8100
4600
6100
5000
6800
11200
7200
9600
9900
6400
5700
9600
7200
6800
4800
4700
4100
5200
5700
5100
10100
7400
6100
12500
6300
5600
5600
7200
5800
7100
7200
4700
4600
6500
10100
8700
6900
5500
4400
6200
4900
6800
6200
5800
4800
6000
9300
7300
8800
6100
6700
4900
4700
5500
8600
6600
6700
7000
4400
5900
4500
7800
5900
5200
5700
4700
5300
6100
7900
5400
6300
5300
5400
7200
4100
9800
4600
5400
6300
6300
5100
5200
5400
7100
7600
6500
5200
10000
4600
7300
4700
6200
7500
6600
6100
4900
5700
5200
4800
5100
67500
8100
6700
6100
7500
2900
4400
11200
5400
4600
5800
4700
5900
9000
6600
5200
6400
5900
5000
6400
11100
5200
5300
6700
28400
10700
8800
7600
8200
7000
7700
6900
5600
11800
5700
3600
6600
5300
5300
7600
5100
6400
6000
4900
5900
9100
8600
7600
18700
7000
7600
7200
5900
7400
5900
7000
6300
7200
8400
5200
7000
6900
6400
5100
5100
9100
5600
5500
4100
5600
5200
7400
5700
6400
4900
3700
5000
3200
9000
3700
5500
4200
8600
21300
7400
5700
5800
5100
4900
6700
4900
8000
5200
5200
5600
5100
5100
14200
4000
4900
5800
6800
30500
18600
10400
13700
11900
12700
7700
13500
14400
11900
6900
9900
10700
9700
6500
13000
9800
9800
9200
9100
7800
9600
8500
9500
6300
7700
7800
5200
9000
6800
7000
4600
4700
3100
8500
4900
5500
6800
6500
4600
3300
7600
6100
5000
7700
4900
4700
8300
4900
16500
5600
4900
6400
7100
5500
10700
14200
6700
5700
4000
9000
9900
6600
7200
5900
4800
7800
5300
5100
5100
5700
4700
4300
4500
4600
4700
3900
3900
6500
6800
5800
6400
5500
6700
6200
6700
5400
5400
8300
6000
5100
14700
7200
6000
4500
4300
5900
12600
6600
5200
8600
5900
5200
11500
7400
5800
5300
6900
6300
5400
37300
6700
6800
7100
7400
6500
12400
4800
6800
3900
5600
6800
5400
11500
5400
5800
4100
5800
5700
10900
5600
5100
5900
5700
7100
11100
5700
5600
4400
4000
5800
10800
3800
6800
3800
5600
5000
4200
9700
5000
7400
20300
7800
7000
10100
4400
7500
4200
8100
19200
3800
6900
4100
5900
6800
7200
5000
5400
7200
5600
8600
5300
6700
5900
6500
3000
6600
6900
3900
6900
5600
3300
4200
6100
5800
6100
4900
5100
6900
9400
5000
4700
5400
6300
5900
7500
5100
4600
5300
4600
3800
4000
9200
6000
5500
3600
4500
5500
6500
8700
4700
5600
4400
4500
3200
7600
5400
5300
5100
4700
3900
6700
9000
5800
4600
5500
5300
4600
4400
4300
4900
5800
3700
5200
20700
8900
6400
5400
5000
5300
4900
3400
36800
13200
15200
10100
8500
11400
7700
6200
6800
8100
8700
15900
7300
6400
7800
7900
5300
6100
9400
11200
8900
8500
8600
5400
9900
7200
7200
4500
6900
6600
7300
7600
5500
4300
6000
5000
5300
7900
5700
4500
6400
5300
6200
7600
6600
6600
5700
4800
3400
7700
4700
4700
5800
4100
3900
6100
5200
6800
4900
5400
6500
4400
7700
4700
6400
5100
5000
3900
8200
5800
5300
5500
3700
4600
4900
6500
4300
3400
4700
5500
5100
3900
7300
5300
4100
4100
6200
4400
6100
5200
4600
4300
5000
5400
4500
10100
4400
5700
5200
5400
8600
7800
6300
5600
4100
4300
4100
5900
6000
4100
4500
5200
5100
6500
7900
5500
6000
5100
3700
7800
4300
5300
4600
5700
5900
4900
7900
5700
3900
4200
5300
4600
10000
4200
3400
5500
5200
3900
6400
5900
4300
5500
4700
4300
5200
8000
4600
5800
4600
4900
4500
8300
4000
4800
4600
4700
4200
5000
6100
4700
5000
5000
5700
5400
5100
11600
6000
5500
4600
5400
3800
5100
7100
6000
5200
5600
4400
4300
5000
5500
5400
5400
4400
5200
4600
6600
5900
5200
4500
4600
5000
6800
4100
5300
4900
5100
4200
4500
6800
5100
8400
5600
4200
4700
5800
5500
4000
5100
4600
5300
6500
4800
3800
4100
4900
5500
13100
4500
3600
5800
5600
5700
3800
5100
5500
5600
6000
3800
5500
7400
5100
4600
4900
4500
5500
7100
5000
4700
5400
3900
4200
4100
7600
5400
4500
5300
5200
4900
9800
4800
4200
5300
5500
5300
7800
4000
4400
4900
4800
4900
6600
5400
5500
5500
5000
3400
6500
4200
5900
5100
5500
4600
3200
7000
5200
3700
4800
4500
5600
5300
8300
6200
4000
3900
5200
4100
7800
5600
4200
3900
5600
4500
3900
4800
5100
6300
3800
4400
7400
5200
5900
6500
5300
5700
7600
6000
5000
4600
4500
4600
7100
4600
4600
3600
3900
5000
7300
4800
3300
8600
4800
4200
5500
7100
4700
5000
3700
4600
5600
8000
3900
5300
4100
3900
4700
4600
5900
5500
3300
12200
6000
5100
7300
4900
4800
4200
6600
3800
4100
4600
5700
3700
4900
3700
4300
6900
4400
5000
5800
3600
3600
4100
5500
4400
4800
5300
5400
3600
8000
4400
4800
4500
4600
4200
7200
4000
5400
4000
4500
4700
5500
6200
5100
3900
5600
5900
3900
7000
4100
5000
3800
4900
4400
6700
6400
4900
3500
5600
4600
10200
3800
5500
4300
4700
5300
4300
7000
5300
3600
5100
5100
3900
6800
3900
4600
4100
4000
3600
6700
4600
4700
7900
5100
4700
3900
8800
4500
5000
3600
4100
4500
8000
4700
5300
5000
3200
4400
6700
3900
4300
4800
4400
3900
4500
5900
4400
4300
3900
4000
4600
6200
4900
3700
3600
4200
5300
3600
6900
5100
4900
4200
5900
4900
9500
4900
6600
3700
4200
6000
6700
4900
4500
4200
4000
4900
5500
8200
4900
4100
5400
4700
4300
6300
4100
4000
5700
4200
4800
4200
10300
3700
5300
3600
5800
5000
6300
3600
3700
3900
5100
4600
4400
7600
4400
3600
4600
4800
5400
8400
5300
3600
5300
4300
4000
4800
8300
4800
6200
5500
4500
3900
8200
3900
9200
4600
4800
6000
5100
4300
3200
4300
5100
4600
4700
9800
6200
4900
4700
3800
4200
6700
6200
4900
4700
5000
5600
8900
5400
7200
6200
5700
6600
4900
7900
4500
6400
4100
6000
5600
9200
3600
5300
4300
4700
6500
9500
6800
6400
5600
3900
6700
5800
9900
5200
5600
5100
5300
6900
8100
6700
7900
4700
5100
5100
5300
5200
6000
4300
6300
5800
5100
7100
5600
5600
7500
5200
5100
6600
9600
6600
5500
5100
7100
4000
9000
7800
6400
6000
6300
5500
5700
5600
6400
4300
4300
4500
6800
5600
6200
5500
6100
6900
9500
4700
4300
6200
8600
5000
4600
9700
6300
4800
4800
5000
5900
5400
10900
7000
5900
6300
4600
5700
9300
5900
4100
4300
5700
4400
9400
6100
3600
6200
4800
6700
4900
8700
5100
7200
5200
9000
6300
11600
6000
6100
5000
6000
6200
8300
8900
4200
8200
6200
8100
13300
6200
6000
5500
7300
5400
6600
5900
6200
6000
5500
5300
8100
5000
5800
6700
4500
7000
4300
8400
7400
6100
4900
5000
5900
8100
7700
6900
5600
8900
4800
5400
7800
4200
5000
7000
8600
6300
10300
6500
5400
4300
8000
7300
7700
7300
4700
6300
5400
4900
10000
5700
6100
5300
4900
14700
4800
8000
5600
4900
6100
4200
3700
7400
5500
5900
4600
5900
6300
7100
5000
5300
6700
6100
6600
6400
5000
5700
6300
5100
4000
6200
8600
5000
6000
4600
5400
4300
9800
6400
7200
8400
4800
10300
6100
5400
6800
6100
5500
6900
7600
5800
6500
4600
7900
5600
4500
8900
6500
6200
7200
5000
7200
9100
4000
6100
6000
7200
6300
5400
9700
5800
5000
5300
5000
7700
10400
6700
6300
4800
5000
5900
9900
8200
5000
5800
7600
4600
5700
7800
5400
5400
6000
5500
6900
7000
4400
8200
5700
4900
4900
6500
7100
5200
4800
5600
6500
5900
17500
4400
8000
8300
8100
5100
5500
7900
7200
7600
5000
3800
10200
10500
8600
7300
7200
6500
5600
7900
15700
4900
5700
8000
4100
6800
3500
6300
5200
6700
6300
3900
5300
10300
5300
6000
4900
5600
5600
8100
6500
4000
4900
4300
5600
4800
6900
4500
7100
5900
6100
4700
10000
5900
4200
4500
6500
4200
7200
5300
6100
5300
6700
7000
8800
5300
4700
6500
5700
6100
5600
10000
6800
4600
7100
4900
4700
4700
27400
5900
4400
5000
4400
8800
4700
6600
7200
6100
5200
6000
8000
6500
6500
5400
4700
5500
5300
4200
3800
4000
4600
7500
19300
3800
4900
5400
5100
4500
5700
6100
3800
5200
4600
5800
6000
8600
5900
6200
7000
5000
6700
11300
6300
4400
3900
5000
4500
5900
7400
6400
5200
5000
7300
5800
10500
5800
4900
4800
5200
4800
5700
11600
7000
10000
6200
6400
4500
9300
6100
6000
4600
6400
5400
3400
4300
5600
5700
4200
4300
5100
10700
6600
8000
5500
5800
7500
8600
5200
5100
5400
6700
5500
5200
8700
5700
4600
6800
5600
4400
12100
7300
6300
112600
7600
7500
7300
6200
4900
4900
4600
4800
4100
9100
5300
3800
5900
6500
4200
8300
7200
6400
24100
10200
9500
20100
13900
8900
7400
11200
7700
11800
8000
8700
10100
5300
11900
9000
11300
8000
5800
6700
7400
8100
9300
8700
7400
7100
5500
7000
5600
7300
6600
5900
6600
5100
7300
8700
7400
8200
6600
6700
6800
9900
5500
6500
7100
6800
8600
8100
6300
8000
4200
4900
6500
5100
6900
4800
6600
7200
5600
6600
8800
4800
6400
7600
5100
6100
6100
7100
6800
7800
5600
5700
4200
6400
9100
4400
6300
7400
7400
6300
11100
8500
6000
5700
7200
7500
29400
6100
7100
5600
7800
7300
12200
6500
5700
5000
7000
6600
8700
4300
4400
4500
8200
5300
6100
6400
7900
6100
7800
5500
7800
10900
6600
6900
6700
4300
5300
7500
6300
5200
5800
6100
6900
5800
8300
6800
6800
5400
6300
7100
8200
8100
5500
12400
7500
7000
8100
12900
7200
6500
8300
7500
7200
7500
7600
8100
6700
4700
5700
11300
6900
5600
6800
6800
7500
5100
8100
5000
5800
5900
8100
6700
4300
7400
7300
8400
7100
4900
4100
9300
5500
7500
6600
6100
5800
6600
10100
6600
6000
7100
7700
5700
9100
5000
5600
5500
5400
6200
6700
12400
6600
6600
32400
7800
11700
4200
7200
6500
8800
10800
7700
5100
6100
8200
5200
10800
7500
15500
119500
9400
6900
12400
6300
7800
5300
6300
6000
10100
6300
6500
6200
7100
5600
9900
5200
7200
7500
6000
6100
5400
10300
5500
9900
5400
6200
6800
5700
8000
5200
7700
10000
6700
6500
5100
6500
6300
9300
6300
5400
4500
5200
8900
5200
8400
8700
6600
6500
6400
5600
4300
4700
5100
5700
8700
3800
4400
5500
5100
5400
8700
5200
5900
6100
8900
5100
10000
7000
5700
5700
7100
7300
5800
6700
4300
4800
5700
9000
5100
5200
4000
4700
6900
6900
5100
3900
6000
4200
5200
6600
5600
180500
8000
5200
12800
7000
5900
8800
7200
5800
23100
10500
7900
20400
6900
5000
6500
8500
6500
5700
6400
5000
5700
8500
7600
7100
6500
7000
8800
8900
5700
6800
4700
6000
7400
8700
9200
5700
5500
4600
10600
11700
5700
7200
6200
6300
5500
5800
6300
8300
8100
8500
7900
6300
7000
3400
5900
7100
7900
4600
5200
4400
5200
6300
8200
7200
7600
5100
5900
5800
7200
4900
6400
4100
6000
8800
4600
5300
6100
4400
5600
8200
7000
4900
5100
5400
4900
6200
6500
9700
5800
5400
8300
4200
11800
4500
6200
5100
5700
5700
7300
4900
6900
7500
8100
6400
5100
6100
4100
4700
6800
6400
7100
5100
6100
4100
7100
4000
6500
5000
6000
5000
8400
6900
4800
6400
8000
5200
9700
7100
7000
7700
4200
5500
8400
5000
5900
4800
5100
6400
5200
7000
6200
4500
3500
6800
8100
5300
5800
4700
6900
3900
6000
5200
6400
4300
4600
4700
7400
10200
4900
5300
4900
5100
5300
5100
3900
6900
4800
6500
10700
5300
6300
4900
7100
12700
6200
7300
6400
5400
5800
5200
5900
5800
6900
6200
16600
9100
5300
6300
5000
10700
4600
5000
4100
6000
5300
6100
4500
3600
4700
5600
5200
4200
7900
5900
3500
5800
4100
4700
5700
6500
3900
3800
5700
4500
9800
4700
5000
6800
4300
4200
6100
7500
7000
5100
5700
5100
7500
5300
5900
4500
5000
4700
10300
6800
8300
6100
6800
6000
7200
4400
6200
6700
5500
5500
6700
5900
6000
6100
5800
5200
7100
4500
4100
5200
6000
5300
5900
5300
5500
5100
4600
6300
5000
4700
4800
4700
6300
4600
6300
4600
4900
4800
4900
9100
4000
7200
5300
4000
10100
6200
4600
6200
4800
6600
7200
7300
3900
5000
6500
3700
9000
6600
5700
9300
5600
5200
9300
4900
6600
6100
4600
4200
9200
5100
4600
6200
3800
5600
8000
5000
5400
5600
3800
4700
7200
5200
5000
6000
7500
7200
8300
6000
6800
5800
5300
8800
4800
7100
5900
5300
5200
5200
8100
5300
5900
4300
4200
4900
8100
5800
5400
4600
5400
5100
5900
6000
6300
4800
4500
5900
6700
5100
5600
6400
6800
6000
9800
6200
6200
8000
6400
4500
9400
5400
5800
5000
5000
6600
8000
6700
3300
8800
5500
6300
7400
4600
5700
4200
5000
5000
7900
5800
6400
5200
5000
7000
3600
6300
4700
3500
4700
7600
5200
4800
4200
6500
4900
8100
7300
4200
5500
4500
4900
6300
4200
5700
5700
5900
5100
6700
6600
6700
7300
7500
7100
4500
5100
6200
5100
6700
8700
6200
6100
4500
5600
4800
7600
5600
5900
5500
5900
4800
5500
6200
4700
5700
5200
5600
6600
5700
9300
5100
5400
7000
7800
6500
8900
6800
6100
5400
7500
4600
4400
6100
6600
5000
6100
5100
8600
6300
4600
5300
5200
8400
9000
4900
4900
6500
3900
6100
7400
5600
5800
3900
4900
5000
6500
5900
5000
5200
5400
5700
5000
7400
6800
4600
4300
9200
5700
4700
4500
4600
3900
7500
5400
5400
11500
5300
6800
6300
5800
6100
5300
6700
6400
6000
5000
4200
5100
5300
5600
5400
4700
5200
6000
6900
4400
5500
6000
4500
5600
6000
7500
5900
5700
5800
4400
7200
4900
6600
5200
4200
6000
5100
7800
7100
5700
8800
5500
6000
9100
6200
4500
5800
5300
6200
5300
6500
4400
4400
5200
4900
7900
4900
3700
5400
5200
6800
29400
5500
6000
5200
6700
5600
8100
227200
9400
6000
5500
7100
10200
6000
7000
8100
6300
6500
7400
4700
5600
4200
5000
7100
5200
5000
5600
6200
5000
5300
7600
4800
6300
5200
6900
4400
4800
5000
5500
3800
5900
4500
7600
5400
6500
5700
7500
6900
5800
7000
6200
7000
4400
5600
17500
7200
7200
5300
6200
11800
5100
5000
7100
5000
5100
7600
5000
5800
4700
7900
4600
5500
6200
5000
5400
6200
6800
6700
4200
8100
4400
3900
6800
5600
7100
5700
7600
6500
8200
9400
5500
5400
5600
13200
7700
4200
5900
6800
5000
6500
7900
5500
3900
5500
6000
8000
5400
5200
6300
6100
5500
6600
6500
7100
4700
5400
5500
7300
5600
5200
6100
7000
8100
4400
6200
5700
4600
5000
7800
6500
4900
5000
5900
5200
5400
7100
4400
5900
6400
7700
4100
5000
4500
6300
4800
6500
7000
6600
4100
6600
5900
7200
5300
5800
5000
5500
6400
7700
4500
5700
6600
5300
4700
6800
5500
5300
4300
4100
6300
7500
5900
6200
5700
5700
6600
11800
6400
6500
7000
10000
8400
12400
10900
9100
9100
9900
11700
10600
7000
5200
6800
5300
4400
7500
7200
5100
5000
5600
9300
6200
5300
6300
4600
5500
5700
8200
4900
6300
5200
6200
5400
7800
5300
5500
5300
5700
5400
8200
4000
6600
5700
7400
5200
8900
4200
5400
4600
7100
4900
7100
6500
6200
4000
5700
5400
6500
5500
4400
5500
4800
6200
5100
5400
5300
5300
5600
5800
7500
4700
5900
5800
6500
5100
7500
5800
6300
5200
7800
5500
9500
6300
4500
3900
6200
5300
8400
3900
5800
5300
5400
5500
4300
5100
5500
5000
5200
4000
8300
6300
8100
4400
4600
4600
9000
6100
6400
5900
5100
4900
5600
6600
6000
6100
5900
4100
6700
4900
5100
6400
5300
4600
7900
5500
5600
5100
5900
6100
5800
5000
5600
5000
4800
4600
7500
7800
5100
4900
5200
4800
8500
5900
4000
6900
4100
5200
7600
5700
5800
5800
4500
6500
16100
4500
5500
5500
5800
8300
5600
5900
5800
5600
4200
12100
4500
4500
6600
5500
5200
7600
5400
5500
4600
6000
4600
8200
4400
4800
4700
6800
7200
8200
7100
4600
5500
6200
4600
8000
5100
5600
5400
8200
6200
8800
4800
5900
6700
4000
6500
4500
5300
7000
6700
5300
7200
5800
6300
5800
4600
5000
3600
9100
4900
5500
5900
6300
5300
10700
7300
7600
8000
7200
8000
10400
5400
6100
7000
9500
5600
10300
5500
5500
8600
6400
7100
15300
5300
6100
7600
7200
7900
6700
8200
6500
7200
6000
9900
11200
8100
6900
7000
7800
7700
11800
9200
7600
6700
7900
9800
6400
6400
6900
6200
7900
7900
5200
4200
4500
4700
5500
7800
3800
5900
4000
6400
4500
7400
5600
7100
6200
5400
3900
5100
12300
5700
6300
9900
5300
6700
10700
4900
8300
7200
5800
7200
10000
8000
6100
6900
8300
6400
9100
6100
7100
7200
7200
6900
9400
6400
8200
7400
7600
8500
11800
5800
8100
6900
8000
6500
10100
8500
6700
7300
6800
7200
9900
7000
8400
7000
5900
8100
10100
7800
7600
7900
5900
5800
7100
10600
6600
6600
6900
6300
8100
8100
6000
5200
6400
5100
6000
7100
